[gd_scene load_steps=4 format=3 uid="uid://dcmr7w4osneip"]

[ext_resource type="PackedScene" uid="uid://deu4ppbw0hvda" path="res://levels/cube_pltaform.tscn" id="1_bx3x4"]
[ext_resource type="PackedScene" uid="uid://dbyy18wo2tmne" path="res://enviromets/oob_area_3d.tscn" id="2_ardio"]
[ext_resource type="PackedScene" uid="uid://bbb6xiah3txuc" path="res://levels/finish_line.tscn" id="3_txfhs"]

[node name="Node3D" type="Node3D"]

[node name="Node3D" type="Node3D" parent="."]

[node name="cube_platform" parent="Node3D" instance=ExtResource("1_bx3x4")]

[node name="cube_platform2" parent="Node3D" instance=ExtResource("1_bx3x4")]
transform = Transform3D(1, 0, 0, 0, 1, 0, 0, 0, 1, 0, 0, 5)

[node name="cube_platform3" parent="Node3D" instance=ExtResource("1_bx3x4")]
transform = Transform3D(1, 0, 0, 0, 1, 0, 0, 0, 1, 0, 0, 10)

[node name="cube_platform4" parent="Node3D" instance=ExtResource("1_bx3x4")]
transform = Transform3D(1, 0, 0, 0, 1, 0, 0, 0, 1, 0, 0, 15)

[node name="cube_platform5" parent="Node3D" instance=ExtResource("1_bx3x4")]
transform = Transform3D(1, 0, 0, 0, 1, 0, 0, 0, 1, 0, 0, 20)

[node name="cube_platform6" parent="Node3D" instance=ExtResource("1_bx3x4")]
transform = Transform3D(1, 0, 0, 0, 1, 0, 0, 0, 1, 0, 0, 25)

[node name="cube_platform7" parent="Node3D" instance=ExtResource("1_bx3x4")]
transform = Transform3D(1, 0, 0, 0, 1, 0, 0, 0, 1, 0, 0, 40)

[node name="cube_platform8" parent="Node3D" instance=ExtResource("1_bx3x4")]
transform = Transform3D(1, 0, 0, 0, 1, 0, 0, 0, 1, 0, 0, 55)

[node name="cube_platform9" parent="Node3D" instance=ExtResource("1_bx3x4")]
transform = Transform3D(1, 0, 0, 0, 0.258819, -0.965926, 0, 0.965926, 0.258819, 0, 0, 65)

[node name="cube_platform10" parent="Node3D" instance=ExtResource("1_bx3x4")]
transform = Transform3D(1, 0, 0, 0, 0.965926, -0.258819, 0, 0.258819, 0.965926, 0, 1, 80)

[node name="cube_platform11" parent="Node3D" instance=ExtResource("1_bx3x4")]
transform = Transform3D(1, 0, 0, 0, 0.258819, -0.965926, 0, 0.965926, 0.258819, 0, -2, 100)

[node name="cube_platform12" parent="Node3D" instance=ExtResource("1_bx3x4")]
transform = Transform3D(1, 0, 0, 0, 0.258819, -0.965926, 0, 0.965926, 0.258819, 0, -2, 120)

[node name="oob_area3d" parent="." instance=ExtResource("2_ardio")]

[node name="finish_line" parent="." instance=ExtResource("3_txfhs")]
transform = Transform3D(1, 0, 0, 0, 1, 0, 0, 0, 1, 0, 5, 140)
